Team 15 PredictionsnumClasses = 4
numUsers = 6
predictions = [3 0 1 0 1 0]
meanConfidence = 0.9245031607440067
confidencePerUser = [1.         0.88467638 0.99991791 0.67883631 0.98358836 1.        ]
percentPerClass = [0.5        0.33333333 0.         0.16666667]
numbersPerClass = [3 2 0 1]