Team 15 PredictionsnumClasses = 4
numUsers = 6
predictions = [1 3 0 2 1 2]
meanConfidence = 0.8708045545518833
confidencePerUser = [0.99756114 0.99987849 0.69025146 0.78656397 0.9869975  0.76357476]
percentPerClass = [0.16666667 0.33333333 0.33333333 0.16666667]
numbersPerClass = [1 2 2 1]